id;date;evento
1;2020-05-24;VIEW
2;2020-05-24;DOWNLOAD
3;2020-05-23;DOWNLOAD
4;2020-05-24;DOWNLOAD
5;2020-05-23;DOWNLOAD
6;2020-05-24;VIEW
7;2020-05-24;DOWNLOAD
8;2020-05-23;DOWNLOAD
9;2020-05-23;VIEW
10;2020-05-24;DOWNLOAD
